100
6 0800001
6 2211001
4 11111
4 40961
6 0000041
0 6
6 0210101
6 0700001
6 3000201
6 0096001
6 0000002
6 1202211
6 0585648
1 01
5 110011
6 0041001
5 149724
6 5389682
6 9999999
4 11211
3 5886
6 4009068
0 1
5 149574
6 1709001
6 8785485
6 0000001
6 2102121
6 9008061
4 80001
6 4000201
2 201
6 8474198
6 5858761
6 0000001
1 36
0 1
4 07441
4 17001
2 701
6 6980607
6 5936921
1 01
6 3122293
5 001081
0 6
6 4000711
6 6050001
6 6000001
3 0061
4 10201
6 0000001
6 8000001
0 1
2 905
6 2202041
6 1210212
2 801
0 7
6 0000001
0 1
6 3003001
6 6007002
6 2221222
1 01
6 0050001
1 09
6 0111022
2 201
6 1010102
6 7010702
6 0011201
6 7425997
6 1111111
1 02
6 3842458
6 4000121
1 06
6 0030001
6 1121112
5 003001
6 4020201
1 21
1 11
6 9070001
4 20901
6 4000001
2 081
6 9205001
5 000091
6 7000001
6 2221012
3 0001
6 0000001
6 0009312
2 701
6 0000201
6 7700001
2 132
6 0400001
